14.0112 0.036548
13.9734 0.036462
13.9359 0.036145
13.8985 0.036062
13.8614 0.035698
13.8244 0.035347
13.7876 0.03479
13.7511 0.034392
13.7147 0.033667
13.6785 0.033098
13.6425 0.032678
13.6067 0.032519
13.5711 0.031958
13.5356 0.031531
13.5004 0.031182
13.4653 0.030898
13.4304 0.030415
13.3957 0.030049
13.3612 0.029548
13.3269 0.029409
13.2927 0.028914
13.2587 0.028372
13.2249 0.027869
13.1912 0.027595
13.1577 0.027224
13.1244 0.026904
13.0913 0.026497
13.0583 0.026206
13.0255 0.025649
12.9929 0.025039
12.9604 0.024548
12.9281 0.024514
12.8959 0.024065
12.8639 0.023599
12.8321 0.023179
12.8004 0.022881
12.7688 0.022561
12.7375 0.022178
12.7063 0.021724
12.6752 0.021338
12.6443 0.020784
12.6135 0.020469
12.5829 0.020034
12.5524 0.01967
12.5221 0.019189
12.4919 0.019043
12.4619 0.018784
12.4320 0.018303
12.4023 0.017827
12.3727 0.017581
12.3432 0.017344
12.3139 0.017095
12.2847 0.016479
12.2557 0.016304
12.2268 0.016111
12.1980 0.015781
12.1694 0.015435
12.1409 0.015239
12.1125 0.015015
12.0843 0.014841
12.0562 0.014604
12.0282 0.014211
12.0004 0.013691
11.9726 0.013352
11.9450 0.013037
11.9176 0.012778
11.8903 0.01262
11.8631 0.012624
11.8360 0.012378
11.8090 0.012256
11.7822 0.011992
11.7555 0.011665
11.7289 0.011675
11.7024 0.011562
11.6760 0.011152
11.6498 0.011008
11.6237 0.010818
11.5977 0.010703
11.5718 0.010547
11.5460 0.010291
11.5203 0.01019
11.4948 0.0102
11.4694 0.009944
11.4440 0.009849
11.4188 0.009763
11.3937 0.009683
11.3688 0.009504
11.3439 0.009436
11.3191 0.009448
11.2944 0.009582
11.2699 0.009556
11.2455 0.009373
11.2211 0.009119
11.1969 0.009038
11.1727 0.009048
11.1487 0.009136
11.1248 0.00908
11.1010 0.009207
11.0773 0.009248
11.0536 0.009194
11.0301 0.009048
11.0067 0.009075
10.9834 0.009053
10.9602 0.009209
10.9370 0.00918
10.9140 0.009087
10.8911 0.009204
10.8682 0.009307
10.8455 0.009243
10.8229 0.009346
10.8003 0.009343
10.7779 0.009285
10.7555 0.00938
10.7332 0.009568
10.7111 0.009436
10.6890 0.009448
10.6670 0.009607
10.6451 0.009712
10.6233 0.009697
10.6015 0.009773
10.5799 0.0099
10.5584 0.010051
10.5369 0.009961
10.5155 0.010051
10.4942 0.010234
10.4730 0.010234
10.4519 0.010207
10.4309 0.010422
10.4099 0.010352
10.3891 0.010322
10.3683 0.0104
10.3476 0.010552
10.3270 0.010627
10.3065 0.010708
10.2860 0.010823
10.2656 0.010984
10.2454 0.010947
10.2251 0.011064
10.2050 0.011248
10.1850 0.011438
10.1650 0.011326
10.1451 0.011384
10.1253 0.011462
10.1056 0.011475
10.0859 0.011421
10.0663 0.011782
10.0468 0.012012
10.0274 0.011921
10.0080 0.011853
9.9887 0.011926
9.9695 0.012168
9.9504 0.01248
9.9313 0.012373
9.9123 0.012234
9.8934 0.012324
9.8746 0.012485
9.8558 0.012488
9.8371 0.012681
9.8185 0.012795
9.7999 0.012839
9.7814 0.012786
9.7630 0.012905
9.7447 0.012998
9.7264 0.013184
9.7082 0.013186
9.6900 0.013159
9.6719 0.013286
9.6539 0.013555
9.6360 0.013647
9.6181 0.013594
9.6003 0.013625
9.5825 0.013855
9.5649 0.01384
9.5472 0.013823
9.5297 0.013765
9.5122 0.013916
9.4948 0.014133
9.4774 0.014243
9.4601 0.014163
9.4429 0.014348
9.4257 0.014468
9.4086 0.014363
9.3916 0.014375
9.3746 0.014663
9.3577 0.014622
9.3408 0.014692
9.3240 0.0149
9.3073 0.014978
9.2906 0.01479
9.2740 0.014758
9.2574 0.014827
9.2409 0.014895
9.2245 0.014998
9.2081 0.015288
9.1918 0.015195
9.1755 0.015124
9.1593 0.015215
9.1431 0.015186
9.1270 0.0151
9.1110 0.015234
9.0950 0.015281
9.0791 0.0152
9.0632 0.015281
9.0474 0.015388
9.0316 0.015347
9.0159 0.015496
9.0003 0.015725
8.9847 0.015686
8.9691 0.015537
8.9536 0.015493
8.9382 0.015461
8.9228 0.015657
8.9075 0.015666
8.8922 0.015618
8.8770 0.015579
8.8618 0.015635
8.8467 0.015764
8.8316 0.015959
8.8166 0.015942
8.8016 0.015813
8.7867 0.015818
8.7718 0.016045
8.7570 0.016018
8.7422 0.015977
8.7275 0.015876
8.7129 0.015894
8.6982 0.015991
8.6837 0.016121
8.6692 0.016074
8.6547 0.016147
8.6403 0.01625
8.6259 0.016265
8.6116 0.016213
8.5973 0.016267
8.5830 0.016238
8.5688 0.016335
8.5547 0.016311
8.5406 0.016443
8.5266 0.016433
8.5126 0.016472
8.4986 0.016543
8.4847 0.016643
8.4708 0.016694
8.4570 0.016721
8.4432 0.016711
8.4295 0.016765
8.4158 0.01679
8.4022 0.016785
8.3886 0.016782
8.3750 0.016946
8.3615 0.017036
8.3481 0.017021
8.3347 0.01696
8.3213 0.017002
8.3079 0.017104
8.2946 0.017251
8.2814 0.017331
8.2682 0.017202
8.2550 0.017112
8.2419 0.0172
8.2288 0.01727
8.2158 0.017446
8.2028 0.017419
8.1898 0.017305
8.1769 0.0173
8.1640 0.017334
8.1512 0.017417
8.1384 0.017515
8.1256 0.017485
8.1129 0.017537
8.1002 0.017427
8.0876 0.017346
8.0750 0.017429
8.0624 0.017581
8.0499 0.017646
8.0374 0.017598
8.0250 0.017544
8.0126 0.017632
8.0002 0.017686
7.9879 0.017583
7.9756 0.017563
7.9634 0.017632
7.9512 0.017622
7.9390 0.017561
7.9268 0.017622
7.9147 0.017673
7.9027 0.017688
7.8906 0.01769
7.8786 0.017576
7.8667 0.017642
7.8548 0.01782
7.8429 0.017751
7.8310 0.017744
7.8192 0.017839
7.8075 0.017817
7.7957 0.017793
7.7840 0.017854
7.7723 0.017949
7.7607 0.017871
7.7491 0.017891
7.7375 0.017905
7.7260 0.017978
7.7145 0.017976
7.7031 0.018105
7.6916 0.018127
7.6802 0.01803
7.6689 0.017947
7.6575 0.017935
7.6462 0.017922
7.6350 0.018064
7.6238 0.017978
7.6126 0.017805
7.6014 0.017886
7.5903 0.017852
7.5792 0.017827
7.5681 0.018054
7.5571 0.018196
7.5461 0.018332
7.5351 0.018386
7.5242 0.018354
7.5133 0.018425
7.5024 0.018506
7.4916 0.018262
7.4807 0.017681
7.4700 0.017068
7.4592 0.017346
7.4485 0.018262
7.4378 0.018579
7.4272 0.018567
7.4165 0.018555
7.4059 0.018621
7.3954 0.018701
7.3848 0.01863
7.3743 0.018562
7.3639 0.018613
7.3534 0.018137
7.3430 0.017065
7.3326 0.017319
7.3223 0.018545
7.3119 0.01856
7.3016 0.018506
7.2914 0.018423
7.2811 0.017461
7.2709 0.017524
7.2607 0.018506
7.2506 0.018835
7.2404 0.019106
7.2303 0.019236
7.2203 0.018704
7.2102 0.017461
7.2002 0.018091
7.1902 0.019187
7.1803 0.018311
7.1703 0.016733
7.1604 0.017212
7.1506 0.017444
7.1407 0.018186
7.1309 0.019172
7.1211 0.018462
7.1113 0.018677
7.1016 0.019543
7.0919 0.019558
7.0822 0.019368
7.0725 0.019414
7.0629 0.018618
7.0533 0.016345
7.0437 0.015666
7.0341 0.01792
7.0246 0.01854
7.0151 0.019075
7.0056 0.019346
6.9962 0.018542
6.9867 0.01875
6.9773 0.019111
6.9679 0.017107
6.9586 0.01572
6.9493 0.018428
6.9400 0.019998
6.9307 0.020112
6.9214 0.019907
6.9122 0.018862
6.9030 0.018389
6.8938 0.01929
6.8847 0.019226
6.8755 0.017322
6.8664 0.013264
6.8573 0.013643
6.8483 0.017688
6.8393 0.019302
6.8302 0.01772
6.8213 0.018064
6.8123 0.019775
6.8034 0.018855
6.7944 0.015544
6.7855 0.01512
6.7767 0.017029
6.7678 0.018831
6.7590 0.020168
6.7502 0.020041
6.7414 0.02041
6.7327 0.019534
6.7239 0.017637
6.7152 0.016191
6.7065 0.017153
6.6979 0.019529
6.6892 0.018442
6.6806 0.016499
6.6720 0.017356
6.6634 0.01925
6.6549 0.019746
6.6464 0.015952
6.6378 0.01165
6.6294 0.013508
6.6209 0.017136
6.6124 0.018359
6.6040 0.018464
6.5956 0.016616
6.5872 0.016145
6.5789 0.015029
6.5705 0.013894
6.5622 0.016128
6.5539 0.016875
6.5456 0.018081
6.5374 0.019597
6.5292 0.018879
6.5209 0.016777
6.5128 0.01854
6.5046 0.017331
6.4964 0.012563
6.4883 0.012187
6.4802 0.0149
6.4721 0.01719
6.4640 0.01988
6.4560 0.020061
6.4480 0.019795
6.4399 0.019329
6.4320 0.017534
6.4240 0.015076
6.4160 0.010708
6.4081 0.013362
6.4002 0.019534
6.3923 0.020854
6.3844 0.020991
6.3766 0.01948
6.3687 0.018503
6.3609 0.021333
6.3531 0.020564
6.3454 0.017334
6.3376 0.019519
6.3299 0.022905
6.3221 0.023391
6.3144 0.023601
6.3068 0.023674
6.2991 0.023857
6.2914 0.023774
6.2838 0.02384
6.2762 0.023599
6.2686 0.02363
6.2611 0.024094
6.2535 0.024546
6.2460 0.024304
6.2385 0.024282
6.2310 0.024482
6.2235 0.024414
6.2160 0.024028
6.2086 0.024385
6.2011 0.024834
6.1937 0.022876
6.1863 0.019304
6.1790 0.021428
6.1716 0.024021
6.1643 0.021965
6.1570 0.02104
6.1496 0.022319
6.1424 0.022248
6.1351 0.023332
6.1278 0.023301
6.1206 0.019456
6.1134 0.015759
6.1062 0.018359
6.0990 0.021125
6.0918 0.021523
6.0847 0.02029
6.0776 0.016521
6.0704 0.014722
6.0633 0.016848
6.0563 0.014512
6.0492 0.010032
6.0421 0.013252
6.0351 0.017571
6.0281 0.018079
6.0211 0.01675
6.0141 0.01519
6.0071 0.016123
6.0002 0.01595
5.9932 0.013389
5.9863 0.012749
5.9794 0.013965
5.9725 0.013066
5.9657 0.012971
5.9588 0.014412
5.9520 0.013848
5.9451 0.012043
5.9383 0.009351
5.9315 0.010918
5.9247 0.013213
5.9180 0.013489
5.9112 0.014045
5.9045 0.012988
5.8978 0.010354
5.8911 0.010317
5.8844 0.009329
5.8777 0.009609
5.8711 0.012217
5.8644 0.012039
5.8578 0.012739
5.8512 0.013931
5.8446 0.014297
5.8380 0.013503
5.8314 0.011841
5.8249 0.010315
5.8184 0.011094
5.8118 0.013896
5.8053 0.014873
5.7988 0.01498
5.7924 0.015425
5.7859 0.014956
5.7794 0.014075
5.7730 0.012395
5.7666 0.010662
5.7602 0.013003
5.7538 0.014385
5.7474 0.01356
5.7410 0.014275
5.7347 0.014624
5.7283 0.0147
5.7220 0.013914
5.7157 0.013208
5.7094 0.013535
5.7031 0.015469
5.6969 0.015752
5.6906 0.015269
5.6844 0.015706
5.6782 0.015129
5.6719 0.015442
5.6657 0.016682
5.6596 0.015908
5.6534 0.015078
5.6472 0.01405
5.6411 0.013332
5.6349 0.015276
5.6288 0.016731
5.6227 0.01697
5.6166 0.016484
5.6106 0.01676
5.6045 0.016836
5.5984 0.01718
5.5924 0.017615
5.5864 0.016284
5.5804 0.014705
5.5744 0.015713
5.5684 0.017134
5.5624 0.01709
5.5564 0.016584
5.5505 0.016724
5.5445 0.017703
5.5386 0.018157
5.5327 0.018169
5.5268 0.017756
5.5209 0.017563
5.5151 0.018142
5.5092 0.018689
5.5033 0.018542
5.4975 0.018684
5.4917 0.018767
5.4859 0.018269
5.4801 0.017197
5.4743 0.017571
5.4685 0.017031
5.4628 0.016675
5.4570 0.018298
5.4513 0.018975
5.4455 0.018835
5.4398 0.018914
5.4341 0.019072
5.4284 0.017932
5.4228 0.016277
5.4171 0.017319
5.4114 0.018628
5.4058 0.019072
5.4002 0.019436
5.3945 0.019531
5.3889 0.019563
5.3833 0.019443
5.3778 0.019531
5.3722 0.019639
5.3666 0.019651
5.3611 0.019153
5.3555 0.0178
5.3500 0.017043
5.3445 0.018506
5.3390 0.019702
5.3335 0.019831
5.3280 0.019822
5.3225 0.01979
5.3171 0.019853
5.3116 0.019873
5.3062 0.019827
5.3008 0.019736
5.2954 0.01916
5.2900 0.019082
5.2846 0.01979
5.2792 0.019795
5.2738 0.01979
5.2684 0.020054
5.2631 0.0202
5.2578 0.020146
5.2524 0.020207
5.2471 0.020188
5.2418 0.019929
5.2365 0.019641
5.2312 0.020027
5.2260 0.020305
5.2207 0.020012
5.2154 0.019065
5.2102 0.019248
5.2050 0.019807
5.1998 0.019573
5.1945 0.020154
5.1893 0.020518
5.1842 0.020554
5.1790 0.020508
5.1738 0.020515
5.1686 0.020608
5.1635 0.020671
5.1584 0.020681
5.1532 0.020237
5.1481 0.019541
5.1430 0.020054
5.1379 0.020537
5.1328 0.020623
5.1277 0.020762
5.1227 0.020776
5.1176 0.020723
5.1126 0.020749
5.1075 0.020906
5.1025 0.020959
5.0975 0.020935
5.0925 0.020933
5.0875 0.020664
5.0825 0.020415
5.0775 0.020747
5.0726 0.021033
5.0676 0.02113
5.0627 0.02113
5.0577 0.021162
5.0528 0.021135
5.0479 0.021089
5.0430 0.021086
5.0380 0.02113
5.0332 0.021103
5.0283 0.021016
5.0234 0.020735
5.0185 0.020601
5.0137 0.021094
5.0088 0.021269
5.0040 0.02125
4.9992 0.021199
4.9944 0.021243
4.9896 0.021265
4.9848 0.021272
4.9800 0.021338
4.9752 0.021411
4.9704 0.021323
4.9657 0.021316
4.9609 0.02113
4.9562 0.020969
4.9514 0.021194
4.9467 0.021318
4.9420 0.021328
4.9373 0.021399
4.9326 0.021367
4.9279 0.021367
4.9232 0.02145
4.9186 0.021455
4.9139 0.02136
4.9092 0.021367
4.9046 0.021443
4.9000 0.021333
4.8953 0.021343
4.8907 0.021462
4.8861 0.021526
4.8815 0.021565
4.8769 0.021521
4.8723 0.021479
4.8678 0.021531
4.8632 0.021479
4.8586 0.02145
4.8541 0.021421
4.8495 0.021435
4.8450 0.021399
4.8405 0.021406
4.8360 0.021553
4.8315 0.021592
4.8270 0.021521
4.8225 0.021545
4.8180 0.02155
4.8135 0.021516
4.8090 0.021497
4.8046 0.02147
4.8001 0.021409
4.7957 0.021443
4.7913 0.021492
4.7868 0.021479
4.7824 0.02147
4.7780 0.021387
4.7736 0.021433
4.7692 0.021558
4.7648 0.021582
4.7605 0.021545
4.7561 0.021543
4.7517 0.021562
4.7474 0.021531
4.7431 0.021509
4.7387 0.021543
4.7344 0.021538
4.7301 0.021536
4.7258 0.02155
4.7215 0.02154
4.7172 0.021523
4.7129 0.021592
4.7086 0.021589
4.7043 0.021567
4.7000 0.021565
4.6958 0.021545
4.6915 0.021631
4.6873 0.02167
4.6831 0.021584
4.6788 0.021482
4.6746 0.021514
4.6704 0.021602
4.6662 0.021614
4.6620 0.021565
4.6578 0.021533
4.6536 0.021582
4.6495 0.021592
4.6453 0.021658
4.6411 0.021631
4.6370 0.021531
4.6328 0.021475
4.6287 0.02154
4.6246 0.021643
4.6205 0.021636
4.6163 0.02158
4.6122 0.021597
4.6081 0.02168
4.6040 0.021626
4.6000 0.021531
4.5959 0.021479
4.5918 0.021533
4.5877 0.021648
4.5837 0.021604
4.5796 0.02165
4.5756 0.021719
4.5716 0.021638
4.5675 0.021606
4.5635 0.021682
4.5595 0.021633
4.5555 0.02157
4.5515 0.021641
4.5475 0.021636
4.5435 0.021616
4.5395 0.021626
4.5356 0.021619
4.5316 0.021538
4.5276 0.021606
4.5237 0.021692
4.5197 0.021716
4.5158 0.021699
4.5119 0.021672
4.5080 0.021716
4.5040 0.02176
4.5001 0.021709
4.4962 0.021653
4.4923 0.021697
4.4884 0.021706
4.4846 0.021699
4.4807 0.021804
4.4768 0.021814
4.4730 0.021697
4.4691 0.021685
4.4652 0.021736
4.4614 0.021826
4.4576 0.021882
4.4537 0.021855
4.4499 0.021838
4.4461 0.021807
4.4423 0.021841
4.4385 0.021846
4.4347 0.021882
4.4309 0.021863
4.4271 0.021794
4.4233 0.021887
4.4196 0.021909
4.4158 0.021912
4.4120 0.021943
4.4083 0.021916
4.4045 0.021914
4.4008 0.021973
4.3971 0.022039
4.3934 0.022009
4.3896 0.021899
4.3859 0.021853
4.3822 0.021865
4.3785 0.021909
4.3748 0.021931
4.3711 0.021982
4.3674 0.02206
4.3638 0.022078
4.3601 0.02206
4.3564 0.022053
4.3528 0.022068
4.3491 0.022102
4.3455 0.022078
4.3418 0.022073
4.3382 0.022085
4.3346 0.022119
4.3310 0.022153
4.3273 0.022143
4.3237 0.022141
4.3201 0.022148
4.3165 0.022119
4.3129 0.022146
4.3094 0.022153
4.3058 0.02218
4.3022 0.022224
4.2986 0.022175
4.2951 0.022205
4.2915 0.022234
4.2880 0.022307
4.2844 0.022248
4.2809 0.022124
4.2774 0.022158
4.2738 0.022248
4.2703 0.022241
4.2668 0.022183
4.2633 0.022202
4.2598 0.022258
4.2563 0.022305
4.2528 0.022241
4.2493 0.02218
4.2458 0.022327
4.2424 0.022395
4.2389 0.022285
4.2354 0.022278
4.2320 0.022244
4.2285 0.022224
4.2251 0.022327
4.2216 0.022441
4.2182 0.022478
4.2148 0.022466
4.2113 0.022476
4.2079 0.022493
4.2045 0.022507
4.2011 0.022498
4.1977 0.022488
4.1943 0.022549
4.1909 0.022529
4.1875 0.02249
4.1841 0.022532
4.1808 0.022598
4.1774 0.022612
4.1740 0.022588
4.1707 0.022695
4.1673 0.022739
4.1640 0.022685
4.1606 0.022717
4.1573 0.022776
4.1540 0.022749
4.1506 0.02271
4.1473 0.02271
4.1440 0.022815
4.1407 0.022815
4.1374 0.022776
4.1341 0.02281
4.1308 0.022808
4.1275 0.022893
4.1242 0.022944
4.1209 0.0229
4.1177 0.022876
4.1144 0.022966
4.1111 0.022998
4.1079 0.022915
4.1046 0.022993
4.1014 0.023035
4.0981 0.023022
4.0949 0.023039
4.0917 0.022986
4.0884 0.023015
4.0852 0.023101
4.0820 0.023098
4.0788 0.023086
4.0756 0.023086
4.0724 0.023054
4.0692 0.023132
4.0660 0.023152
4.0628 0.023154
4.0596 0.02314
4.0565 0.023101
4.0533 0.023086
4.0501 0.023203
4.0470 0.023298
4.0438 0.023303
4.0406 0.023291
4.0375 0.023306
4.0344 0.023267
4.0312 0.023252
4.0281 0.02332
4.0250 0.023328
4.0218 0.023269
4.0187 0.023306
4.0156 0.023408
4.0125 0.023393
4.0094 0.023393
4.0063 0.023376
4.0032 0.023423
4.0001 0.023384
3.9970 0.02332
3.9940 0.023403
3.9909 0.023445
3.9878 0.023498
3.9847 0.023628
3.9817 0.023655
3.9786 0.023603
3.9756 0.023616
3.9725 0.023574
3.9695 0.023545
3.9665 0.023664
3.9634 0.023716
3.9604 0.023596
3.9574 0.023591
3.9544 0.023606
3.9513 0.023669
3.9483 0.023684
3.9453 0.02376
3.9423 0.02384
3.9393 0.023813
3.9363 0.023757
3.9333 0.023694
3.9304 0.02375
3.9274 0.02384
3.9244 0.023882
3.9214 0.023857
3.9185 0.023894
3.9155 0.023916
3.9126 0.023965
3.9096 0.024053
3.9067 0.023975
3.9037 0.023948
3.9008 0.024055
3.8979 0.02405
3.8949 0.023982
3.8920 0.024077
3.8891 0.024114
3.8862 0.02407
3.8833 0.024077
3.8804 0.024202
3.8775 0.024224
3.8746 0.024209
3.8717 0.024211
3.8688 0.024228
3.8659 0.024226
3.8630 0.024172
3.8601 0.024268
3.8573 0.024424
3.8544 0.024426
3.8515 0.024299
3.8487 0.024329
3.8458 0.024434
3.8430 0.024456
3.8401 0.024431
3.8373 0.024451
3.8344 0.024548
3.8316 0.02456
3.8288 0.024473
3.8259 0.024509
3.8231 0.02456
3.8203 0.0246
3.8175 0.024595
3.8147 0.024602
3.8119 0.024626
3.8091 0.024673
3.8063 0.024709
3.8035 0.024651
3.8007 0.024702
3.7979 0.0248
3.7951 0.024817
3.7924 0.024907
3.7896 0.024827
3.7868 0.024761
3.7841 0.024819
3.7813 0.024829
3.7785 0.02488
3.7758 0.024853
3.7730 0.0249
3.7703 0.024983
3.7676 0.024936
3.7648 0.024917
3.7621 0.024995
3.7594 0.025027
3.7566 0.024917
3.7539 0.024849
3.7512 0.025049
3.7485 0.02519
3.7458 0.025159
3.7431 0.025173
3.7404 0.025242
3.7377 0.025166
3.7350 0.025151
3.7323 0.025195
3.7296 0.025227
3.7269 0.025315
3.7242 0.025229
3.7216 0.025195
3.7189 0.025349
3.7162 0.025449
3.7136 0.025373
3.7109 0.025286
3.7083 0.025295
3.7056 0.025378
3.7030 0.025444
3.7003 0.025425
3.6977 0.025478
3.6950 0.025518
3.6924 0.025588
3.6898 0.025444
3.6872 0.025376
3.6845 0.025586
3.6819 0.025703
3.6793 0.025586
3.6767 0.025644
3.6741 0.025774
3.6715 0.025779
3.6689 0.025793
3.6663 0.025823
3.6637 0.025789
3.6611 0.025781
3.6585 0.025847
3.6560 0.025893
3.6534 0.02593
3.6508 0.025937
3.6482 0.02592
3.6457 0.025886
3.6431 0.025893
3.6406 0.025928
3.6380 0.02603
3.6355 0.026125
3.6329 0.02615
3.6304 0.026086
3.6278 0.026077
3.6253 0.026113
3.6227 0.026196
3.6202 0.026326
3.6177 0.026362
3.6152 0.026316
3.6127 0.026309
3.6101 0.026418
3.6076 0.026467
3.6051 0.026523
3.6026 0.026414
3.6001 0.026406
3.5976 0.02644
3.5951 0.026501
3.5926 0.02665
3.5901 0.026626
3.5876 0.026567
3.5852 0.02656
3.5827 0.02657
3.5802 0.026623
3.5777 0.026706
3.5753 0.026663
3.5728 0.026765
3.5704 0.026934
3.5679 0.026929
3.5654 0.026902
3.5630 0.026872
3.5605 0.026872
3.5581 0.027004
3.5557 0.027039
3.5532 0.026997
3.5508 0.027019
3.5484 0.027017
3.5459 0.027002
3.5435 0.026987
3.5411 0.02707
3.5387 0.027202
3.5363 0.02727
3.5338 0.027236
3.5314 0.027231
3.5290 0.027324
3.5266 0.027351
3.5242 0.0274
3.5218 0.027417
3.5195 0.02751
3.5171 0.027541
3.5147 0.027529
3.5123 0.027624
3.5099 0.027583
3.5075 0.027463
3.5052 0.027676
3.5028 0.027781
3.5004 0.027688
3.4981 0.027717
3.4957 0.027749
3.4934 0.02781
3.4910 0.02793
3.4887 0.027991
3.4863 0.028022
3.4840 0.027959
3.4816 0.028059
3.4793 0.028269
3.4770 0.028274
3.4746 0.028274
3.4723 0.028235
3.4700 0.028364
3.4677 0.028389
3.4653 0.028391
3.4630 0.028506
3.4607 0.02855
3.4584 0.028489
3.4561 0.028603
3.4538 0.028645
3.4515 0.028704
3.4492 0.028762
3.4469 0.02874
3.4446 0.02874
3.4423 0.028804
3.4400 0.028889
3.4378 0.028987
3.4355 0.029133
3.4332 0.029101
3.4309 0.029043
3.4287 0.029214
3.4264 0.029246
3.4241 0.02916
3.4219 0.029265
3.4196 0.029416
3.4174 0.029404
3.4151 0.02937
3.4129 0.029497
3.4106 0.029541
3.4084 0.02969
3.4061 0.029868
3.4039 0.029829
3.4017 0.029785
3.3994 0.029863
3.3972 0.029961
3.3950 0.030059
3.3928 0.030078
3.3906 0.03009
3.3883 0.030298
3.3861 0.030344
3.3839 0.03029
3.3817 0.030344
3.3795 0.030395
3.3773 0.030513
3.3751 0.030486
3.3729 0.030571
3.3707 0.030625
3.3685 0.03064
3.3663 0.030801
3.3641 0.030913
3.3620 0.030979
3.3598 0.031042
3.3576 0.031182
3.3554 0.031335
3.3533 0.031287
3.3511 0.031265
3.3489 0.031462
3.3468 0.031487
3.3446 0.031536
3.3425 0.031582
3.3403 0.031492
3.3382 0.031582
3.3360 0.031684
3.3339 0.031682
3.3317 0.031909
3.3296 0.031968
3.3274 0.032121
3.3253 0.032219
3.3232 0.032109
3.3210 0.032207
3.3189 0.03241
3.3168 0.032412
3.3147 0.032524
3.3126 0.032634
3.3104 0.032737
3.3083 0.032913
3.3062 0.032954
3.3041 0.032849
3.3020 0.03283
3.2999 0.032793
3.2978 0.032947
3.2957 0.033191
3.2936 0.033313
3.2915 0.033523
3.2894 0.033562
3.2874 0.033542
3.2853 0.033657
3.2832 0.033711
3.2811 0.03366
3.2790 0.03387
3.2770 0.033999
3.2749 0.034009
3.2728 0.034001
3.2708 0.034116
3.2687 0.034482
3.2666 0.034538
3.2646 0.034531
3.2625 0.034517
3.2605 0.034517
3.2584 0.034719
3.2564 0.03499
3.2543 0.035063
3.2523 0.035088
3.2503 0.035029
3.2482 0.035044
3.2462 0.03511
3.2442 0.035288
3.2421 0.035464
3.2401 0.035637
3.2381 0.035757
3.2361 0.035757
3.2340 0.035749
3.2320 0.035871
3.2300 0.035898
3.2280 0.035935
3.2260 0.035933
3.2240 0.036111
3.2220 0.036374
3.2200 0.036504
3.2180 0.036587
3.2160 0.036724
3.2140 0.036687
3.2120 0.036667
3.2100 0.036658
3.2080 0.03668
3.2060 0.036882
3.2040 0.03706
3.2021 0.037031
3.2001 0.037183
3.1981 0.037346
3.1961 0.037461
3.1942 0.037676
3.1922 0.03769
3.1902 0.037673
3.1883 0.037849
3.1863 0.037981
3.1844 0.038203
3.1824 0.038298
3.1805 0.03822
3.1785 0.038325
3.1766 0.038467
3.1746 0.038552
3.1727 0.038594
3.1707 0.038628
3.1688 0.038708
3.1669 0.038769
3.1649 0.038721
3.1630 0.038696
3.1611 0.038806
3.1591 0.038938
3.1572 0.039106
3.1553 0.039162
3.1534 0.039092
3.1515 0.039101
3.1495 0.039189
3.1476 0.039304
3.1457 0.039407
3.1438 0.03958
3.1419 0.039617
3.1400 0.039556
3.1381 0.03956
3.1362 0.039551
3.1343 0.039661
3.1324 0.039748
3.1305 0.03979
3.1286 0.039707
3.1268 0.039526
3.1249 0.039585
3.1230 0.039722
3.1211 0.0398
3.1192 0.039917
3.1174 0.039795
3.1155 0.039475
3.1136 0.039475
3.1117 0.039653
3.1099 0.039648
3.1080 0.03969
3.1061 0.039602
3.1043 0.039529
3.1024 0.039551
3.1006 0.039675
3.0987 0.039704
3.0969 0.0397
3.0950 0.039646
3.0932 0.039585
3.0913 0.039407
3.0895 0.039277
3.0876 0.039377
3.0858 0.039341
3.0840 0.039314
3.0821 0.039109
3.0803 0.039014
3.0785 0.039048
3.0766 0.039087
3.0748 0.038987
3.0730 0.038642
3.0712 0.038762
3.0694 0.039009
3.0675 0.038794
3.0657 0.038579
3.0639 0.038572
3.0621 0.038584
3.0603 0.038542
3.0585 0.038437
3.0567 0.038191
3.0549 0.038037
3.0531 0.038071
3.0513 0.038088
3.0495 0.037974
3.0477 0.037895
3.0459 0.038074
3.0441 0.037974
3.0423 0.037829
3.0406 0.037756
3.0388 0.037678
3.0370 0.03749
3.0352 0.037429
3.0334 0.037483
3.0317 0.037554
3.0299 0.037532
3.0281 0.03739
3.0264 0.037392
3.0246 0.037475
3.0228 0.03719
3.0211 0.036985
3.0193 0.036833
3.0176 0.03676
3.0158 0.036999
3.0140 0.037075
3.0123 0.037046
3.0105 0.036929
3.0088 0.03678
3.0070 0.036711
3.0053 0.036545
3.0036 0.036523
3.0018 0.036611
3.0001 0.036582
2.9984 0.036382
2.9966 0.036296
2.9949 0.036221
2.9932 0.036047
2.9914 0.036045
2.9897 0.036157
2.9880 0.035969
2.9863 0.035886
2.9845 0.036003
2.9828 0.035784
2.9811 0.035666
2.9794 0.03572
2.9777 0.03542
2.9760 0.035083
2.9743 0.034988
2.9726 0.035051
2.9709 0.034768
2.9692 0.034629
2.9675 0.034734
2.9658 0.034702
2.9641 0.034368
2.9624 0.034158
2.9607 0.034143
2.9590 0.034153
2.9573 0.033967
2.9556 0.033528
2.9539 0.033298
2.9523 0.033235
2.9506 0.032908
2.9489 0.032578
2.9472 0.032424
2.9455 0.032461
2.9439 0.031985
2.9422 0.031562
2.9405 0.031587
2.9389 0.031562
2.9372 0.03125
2.9355 0.030798
2.9339 0.030515
2.9322 0.030351
2.9306 0.030012
2.9289 0.029651
2.9272 0.02956
2.9256 0.029275
2.9239 0.02854
2.9223 0.028186
2.9207 0.028274
2.9190 0.028057
2.9174 0.027793
2.9157 0.027627
2.9141 0.02707
2.9124 0.026775
2.9108 0.02658
2.9092 0.026304
2.9075 0.025815
2.9059 0.025129
2.9043 0.024709
2.9027 0.024517
2.9010 0.024033
2.8994 0.023923
2.8978 0.023928
2.8962 0.023752
2.8946 0.023525
2.8929 0.023076
2.8913 0.022524
2.8897 0.022163
2.8881 0.021765
2.8865 0.02167
2.8849 0.021492
2.8833 0.021033
2.8817 0.020544
2.8801 0.02031
2.8785 0.0203
2.8769 0.020139
2.8753 0.019751
2.8737 0.019326
2.8721 0.01895
2.8705 0.018748
2.8689 0.018391
2.8673 0.017803
2.8658 0.017561
2.8642 0.017502
2.8626 0.017126
2.8610 0.016846
2.8594 0.016655
2.8579 0.016562
2.8563 0.016042
2.8547 0.015366
2.8531 0.015159
2.8516 0.01521
2.8500 0.014697
2.8484 0.014475
2.8469 0.014707
2.8453 0.014468
2.8437 0.014065
2.8422 0.013867
2.8406 0.013398
2.8391 0.012815
2.8375 0.01262
2.8360 0.012529
2.8344 0.012292
2.8329 0.012107
2.8313 0.012178
2.8298 0.012148
2.8282 0.011689
2.8267 0.011475
2.8252 0.01146
2.8236 0.011099
2.8221 0.010605
2.8205 0.010237
2.8190 0.010056
2.8175 0.010156
2.8159 0.009927
2.8144 0.009639
2.8129 0.009707
2.8114 0.009712
2.8098 0.009346
2.8083 0.009084
2.8068 0.008975
2.8053 0.008472
2.8038 0.00759
2.8022 0.007622
2.8007 0.00834
2.7992 0.008765
2.7977 0.008655
2.7962 0.008411
2.7947 0.008306
2.7932 0.008044
2.7917 0.008013
2.7902 0.00771
2.7887 0.006936
2.7872 0.006587
2.7857 0.007095
2.7842 0.007437
2.7827 0.0071
2.7812 0.006943
2.7797 0.006968
2.7782 0.00699
2.7767 0.007007
2.7752 0.007036
2.7738 0.006731
2.7723 0.006255
2.7708 0.006138
2.7693 0.006135
2.7678 0.005898
2.7664 0.006011
2.7649 0.006057
2.7634 0.005815
2.7619 0.005837
2.7605 0.006372
2.7590 0.006453
2.7575 0.005857
2.7561 0.004998
2.7546 0.005105
2.7531 0.005996
2.7517 0.00627
2.7502 0.006362
2.7488 0.006338
2.7473 0.006355
2.7458 0.006252
2.7444 0.00603
2.7429 0.005554
2.7415 0.004805
2.7400 0.00446
2.7386 0.004893
2.7371 0.005652
2.7357 0.005637
2.7343 0.005771
2.7328 0.006304
2.7314 0.006555
2.7299 0.006643
2.7285 0.006606
2.7271 0.006287
2.7256 0.005562
2.7242 0.005308
2.7228 0.005769
2.7213 0.005283
2.7199 0.005266
2.7185 0.00623
2.7171 0.006704
2.7156 0.00718
2.7142 0.007456
2.7128 0.007173
2.7114 0.006128
2.7100 0.005964
2.7085 0.007007
2.7071 0.007949
2.7057 0.008342
2.7043 0.008472
2.7029 0.008228
2.7015 0.007905
2.7001 0.008376
2.6987 0.00887
2.6973 0.008735
2.6959 0.007988
2.6945 0.007415
2.6931 0.007991
2.6917 0.009224
2.6903 0.009551
2.6889 0.009377
2.6875 0.009094
2.6861 0.009075
2.6847 0.009102
2.6833 0.009246
2.6819 0.009839
2.6805 0.009482
2.6791 0.00835
2.6778 0.007898
2.6764 0.007927
2.6750 0.009116
2.6736 0.009927
2.6722 0.009285
2.6709 0.007556
2.6695 0.0079
2.6681 0.008603
2.6667 0.007749
2.6654 0.007893
2.6640 0.00938
2.6626 0.010588
2.6613 0.010518
2.6599 0.010554
2.6585 0.011042
2.6572 0.011428
2.6558 0.011062
2.6545 0.011179
2.6531 0.010898
2.6517 0.01106
2.6504 0.012097
2.6490 0.012541
2.6477 0.012373
2.6463 0.011692
2.6450 0.011763
2.6436 0.012422
2.6423 0.012322
2.6409 0.012358
2.6396 0.012722
2.6382 0.012895
2.6369 0.013064
2.6356 0.012759
2.6342 0.011816
2.6329 0.011748
2.6315 0.010854
2.6302 0.009853
2.6289 0.011167
2.6275 0.011511
2.6262 0.011318
2.6249 0.012742
2.6236 0.013459
2.6222 0.012759
2.6209 0.010977
2.6196 0.010955
2.6183 0.011248
2.6169 0.010127
2.6156 0.011401
2.6143 0.012622
2.6130 0.012581
2.6117 0.012908
2.6103 0.012368
2.6090 0.011953
2.6077 0.01175
2.6064 0.010835
2.6051 0.010359
2.6038 0.011162
2.6025 0.012056
2.6012 0.012739
2.5999 0.013582
2.5986 0.013713
2.5973 0.012375
2.5960 0.009636
2.5947 0.008372
2.5934 0.010725
2.5921 0.01303
2.5908 0.013538
2.5895 0.012881
2.5882 0.012124
2.5869 0.012065
2.5856 0.012424
2.5843 0.01135
2.5830 0.011763
2.5817 0.012771
2.5805 0.013228
2.5792 0.014143
2.5779 0.013274
2.5766 0.012517
2.5753 0.013108
2.5741 0.012578
2.5728 0.012686
2.5715 0.013689
2.5702 0.013027
2.5690 0.013174
2.5677 0.014233
2.5664 0.014397
2.5651 0.013086
2.5639 0.012041
2.5626 0.011897
2.5613 0.01196
2.5601 0.01313
2.5588 0.014636
2.5575 0.01509
2.5563 0.015164
2.5550 0.0151
2.5538 0.014353
2.5525 0.013782
2.5513 0.014141
2.5500 0.014573
2.5487 0.0146
2.5475 0.014665
2.5462 0.015093
2.5450 0.014829
2.5437 0.014465
2.5425 0.014448
2.5413 0.015041
2.5400 0.015481
2.5388 0.015603
2.5375 0.01532
2.5363 0.014685
2.5350 0.014949
2.5338 0.015193
2.5326 0.014929
2.5313 0.014919
2.5301 0.015188
2.5289 0.015493
2.5276 0.015574
2.5264 0.015679
2.5252 0.015623
2.5239 0.015549
2.5227 0.01584
2.5215 0.015864
2.5202 0.015747
2.5190 0.015881
2.5178 0.015832
2.5166 0.015847
2.5154 0.015779
2.5141 0.015876
2.5129 0.01593
2.5117 0.015767
2.5105 0.015749
2.5093 0.01593
2.5081 0.016062
2.5068 0.016147
2.5056 0.016167
2.5044 0.016174
2.5032 0.016147
2.5020 0.016184
2.5008 0.016189
2.4996 0.016121
2.4984 0.016226
2.4972 0.016394
2.4960 0.016387
2.4948 0.016311
2.4936 0.016206
2.4924 0.016189
2.4912 0.016235
2.4900 0.016313
2.4888 0.016414
2.4876 0.016484
2.4864 0.016416
2.4852 0.016411
2.4840 0.016416
2.4828 0.016519
2.4816 0.016494
2.4805 0.016545
2.4793 0.016604
2.4781 0.016611
2.4769 0.01657
2.4757 0.016523
2.4745 0.016477
2.4734 0.01668
2.4722 0.016741
2.4710 0.016645
2.4698 0.016758
2.4686 0.016848
2.4675 0.01679
2.4663 0.016777
2.4651 0.016728
2.4640 0.016636
2.4628 0.016677
2.4616 0.016821
2.4604 0.016838
2.4593 0.016951
2.4581 0.016999
2.4569 0.016929
2.4558 0.01687
2.4546 0.01696
2.4535 0.016904
2.4523 0.016868
2.4511 0.016934
2.4500 0.016916
2.4488 0.016907
2.4477 0.016919
2.4465 0.016865
2.4454 0.017095
2.4442 0.017251
2.4431 0.017185
2.4419 0.017165
2.4408 0.017039
2.4396 0.016982
2.4385 0.017063
2.4373 0.017087
2.4362 0.017095
2.4350 0.017104
2.4339 0.017231
2.4327 0.017373
2.4316 0.017407
2.4305 0.017368
2.4293 0.017266
2.4282 0.017356
2.4270 0.017546
2.4259 0.017397
2.4248 0.017292
2.4236 0.017339
2.4225 0.017395
2.4214 0.017422
2.4202 0.017266
2.4191 0.017217
2.4180 0.017427
2.4169 0.0174
2.4157 0.017317
2.4146 0.017344
2.4135 0.017507
2.4124 0.017307
2.4112 0.017178
2.4101 0.017295
2.4090 0.017468
2.4079 0.0176
2.4068 0.017519
2.4056 0.0175
2.4045 0.017764
2.4034 0.017744
2.4023 0.01762
2.4012 0.017515
2.4001 0.01748
2.3990 0.017712
2.3979 0.017893
2.3967 0.017839
2.3956 0.017856
2.3945 0.017886
2.3934 0.01781
2.3923 0.0178
2.3912 0.017744
2.3901 0.017749
2.3890 0.017778
2.3879 0.017776
2.3868 0.01783
2.3857 0.017756
2.3846 0.017717
2.3835 0.0178
2.3824 0.017895
2.3813 0.017839
2.3802 0.017729
2.3791 0.017749
2.3781 0.017725
2.3770 0.017729
2.3759 0.017878
2.3748 0.017866
2.3737 0.017778
2.3726 0.017798
2.3715 0.017847
2.3704 0.017942
2.3694 0.018118
2.3683 0.018149
2.3672 0.017974
2.3661 0.017729
2.3650 0.017742
2.3640 0.017949
2.3629 0.018083
2.3618 0.018123
2.3607 0.018018
2.3597 0.018
2.3586 0.018042
2.3575 0.018135
2.3564 0.018318
2.3554 0.018293
2.3543 0.018169
2.3532 0.018015
2.3522 0.018118
2.3511 0.018262
2.3500 0.018203
2.3490 0.018132
2.3479 0.018064
2.3468 0.018098
2.3458 0.018113
2.3447 0.01821
2.3436 0.018428
2.3426 0.018311
2.3415 0.018171
2.3405 0.018113
2.3394 0.018105
2.3384 0.018022
2.3373 0.018101
2.3363 0.018235
2.3352 0.018242
2.3342 0.018301
2.3331 0.018247
2.3321 0.018284
2.3310 0.01854
2.3300 0.01853
2.3289 0.018281
2.3279 0.018127
2.3268 0.01814
2.3258 0.018367
2.3247 0.018357
2.3237 0.01823
2.3226 0.018369
2.3216 0.01843
2.3206 0.018484
2.3195 0.018496
2.3185 0.018413
2.3175 0.018372
2.3164 0.018479
2.3154 0.018599
2.3144 0.018467
2.3133 0.018394
2.3123 0.01845
2.3113 0.018428
2.3102 0.018489
2.3092 0.018608
2.3082 0.018672
2.3071 0.018403
2.3061 0.018445
2.3051 0.018638
2.3041 0.018665
2.3030 0.018535
2.3020 0.018557
2.3010 0.018748
2.3000 0.018645
2.2990 0.018379
2.2979 0.018503
2.2969 0.018623
2.2959 0.018528
2.2949 0.018342
2.2939 0.018376
2.2929 0.018606
2.2918 0.018677
2.2908 0.018547
2.2898 0.018579
2.2888 0.018638
2.2878 0.018708
2.2868 0.018845
2.2858 0.018769
2.2848 0.018552
2.2838 0.018672
2.2828 0.018713
2.2818 0.018603
2.2808 0.018625
2.2798 0.018774
2.2787 0.018735
2.2777 0.018723
2.2767 0.018735
2.2757 0.018735
2.2747 0.018899
2.2738 0.01885
2.2728 0.018638
2.2718 0.018782
2.2708 0.018857
2.2698 0.01874
2.2688 0.018672
2.2678 0.01866
2.2668 0.018838
2.2658 0.018935
2.2648 0.018855
2.2638 0.01876
2.2628 0.018662
2.2618 0.018718
2.2609 0.018811
2.2599 0.018943
2.2589 0.018928
2.2579 0.018938
2.2569 0.018801
2.2559 0.018667
2.2550 0.018779
2.2540 0.019004
2.2530 0.01906
2.2520 0.018962
2.2510 0.018987
2.2501 0.019185
2.2491 0.019138
2.2481 0.019067
2.2471 0.019189
2.2462 0.019204
2.2452 0.019001
2.2442 0.018967
2.2433 0.018909
2.2423 0.018899
2.2413 0.019038
2.2403 0.019038
2.2394 0.019021
2.2384 0.019158
2.2374 0.019045
2.2365 0.018933
2.2355 0.01897
2.2345 0.019048
2.2336 0.019163
2.2326 0.019209
2.2317 0.01917
2.2307 0.019172
2.2297 0.019209
2.2288 0.019028
2.2278 0.019175
2.2269 0.019202
2.2259 0.019167
2.2250 0.019302
2.2240 0.019199
2.2231 0.019143
2.2221 0.019189
2.2211 0.019241
2.2202 0.019082
2.2192 0.018994
2.2183 0.019097
2.2173 0.019211
2.2164 0.019202
2.2155 0.019072
2.2145 0.01897
2.2136 0.01906
2.2126 0.019402
2.2117 0.019431
2.2107 0.01936
2.2098 0.019326
2.2088 0.019268
2.2079 0.019336
2.2070 0.019473
2.2060 0.019426
2.2051 0.019258
2.2041 0.019329
2.2032 0.019341
2.2023 0.019233
2.2013 0.019311
2.2004 0.019338
2.1995 0.019221
2.1985 0.019302
2.1976 0.019414
2.1967 0.019316
2.1957 0.01937
2.1948 0.019602
2.1939 0.019536
2.1930 0.019377
2.1920 0.019377
2.1911 0.019477
2.1902 0.019228
2.1893 0.019224
2.1883 0.019355
2.1874 0.01925
2.1865 0.01929
2.1856 0.019416
2.1846 0.019438
2.1837 0.019258
2.1828 0.019228
2.1819 0.019519
2.1810 0.019582
2.1800 0.019477
2.1791 0.019529
2.1782 0.019639
2.1773 0.019644
2.1764 0.019631
2.1755 0.01957
2.1746 0.01936
2.1736 0.019509
2.1727 0.019653
2.1718 0.019343
2.1709 0.019377
2.1700 0.019482
2.1691 0.019402
2.1682 0.019421
2.1673 0.019673
2.1664 0.019644
2.1655 0.019636
2.1646 0.019687
2.1637 0.019624
2.1628 0.019412
2.1619 0.019338
2.1610 0.019536
2.1601 0.019619
2.1592 0.019617
2.1583 0.019602
2.1574 0.019499
2.1565 0.019646
2.1556 0.019729
2.1547 0.019756
2.1538 0.019853
2.1529 0.019761
2.1520 0.019639
2.1511 0.019465
2.1502 0.019536
2.1493 0.01978
2.1484 0.0198
2.1475 0.01991
2.1466 0.019946
2.1458 0.019695
2.1449 0.019477
2.1440 0.019451
2.1431 0.019602
2.1422 0.019568
2.1413 0.019619
2.1404 0.019998
2.1396 0.019983
2.1387 0.019751
2.1378 0.019619
2.1369 0.019683
2.1360 0.019858
2.1352 0.01978
2.1343 0.019912
2.1334 0.020151
2.1325 0.020068
2.1316 0.020066
2.1308 0.019917
2.1299 0.019595
2.1290 0.019582
2.1281 0.019629
2.1273 0.019678
2.1264 0.01979
2.1255 0.019734
2.1247 0.019954
2.1238 0.019922
2.1229 0.019856
2.1220 0.019839
2.1212 0.019839
2.1203 0.019834
2.1194 0.019824
2.1186 0.019958
2.1177 0.020056
2.1168 0.019985
2.1160 0.019958
2.1151 0.020054
2.1143 0.020112
2.1134 0.020046
2.1125 0.019897
2.1117 0.020122
2.1108 0.02031
2.1100 0.020185
2.1091 0.020098
2.1082 0.019836
2.1074 0.019668
2.1065 0.01968
2.1057 0.019783
2.1048 0.019871
2.1040 0.01999
2.1031 0.020068
2.1023 0.020139
2.1014 0.020115
2.1005 0.020063
2.0997 0.019956
2.0988 0.019939
2.0980 0.019976
2.0971 0.020012
2.0963 0.019844
2.0955 0.019722
2.0946 0.019856
2.0938 0.019976
2.0929 0.02033
2.0921 0.020264
2.0912 0.020098
2.0904 0.020303
2.0895 0.020188
2.0887 0.019907
2.0879 0.019885
2.0870 0.019978
2.0862 0.020095
2.0853 0.02
2.0845 0.019714
2.0837 0.019922
2.0828 0.020334
2.0820 0.020081
2.0812 0.020049
2.0803 0.02033
2.0795 0.020276
